avg_initial_nb_tag_per_sheet: 34.09089960342308
avg_nb_calculated_tag_per_sheet: 29.061886871216863
avg_nb_new_bs_tags_per_sheet: 14.771446462116469
avg_nb_new_is_tags_per_sheet: 14.290440409100396
avg_nb_tag_per_sheet: 73.35566687539136
dataset_size: 9582
max_nb_tag_per_sheet: 124
max_sub_per_cik: 10000
max_tag_depth: 100000
max_year: 2024
min_nb_tag_per_sheet: 35
min_sub_per_cik: 1
min_tag_depth: 0
min_year: 2023
nb_cik: 2861
nb_cik_test: 765
nb_cik_train: 1689
nb_cik_val: 407
quantile_25_nb_tag_per_sheet: 68.0
quantile_5_nb_tag_per_sheet: 55.05000000000001
quantile_75_nb_tag_per_sheet: 80.0
seed: 42
sic1_used: ['10', '15', '20', '40', '50', '52', '60', '70']
tags_persheet_count_threshold: 30
test_dataset_size: 2596
top_k_tags: 0
train_dataset_size: 5672
val_dataset_size: 1314
